frame,time,gaze_x,gaze_y,gaze_delta_x,gaze_delta_y,gaze_delta_euclidean,faces_detected_count,gaze_on_any_face,008_detected,008_tl_x,008_tl_y,008_br_x,008_br_y,gaze_on_008,009_detected,009_tl_x,009_tl_y,009_br_x,009_br_y,gaze_on_009,010_detected,010_tl_x,010_tl_y,010_br_x,010_br_y,gaze_on_010,011_detected,011_tl_x,011_tl_y,011_br_x,011_br_y,gaze_on_011,UNKNOWN_detected,UNKNOWN_tl_x,UNKNOWN_tl_y,UNKNOWN_br_x,UNKNOWN_br_y,gaze_on_UNKNOWN
14078,07:48.994,182.0,68.0,,,,2,False,True,71,787,211,943,False,True,1217,748,1379,958,False,False,,,,,False,False,,,,,False,False,,,,,False
14093,07:49.493,182.0,58.0,0.0,-10.0,10.0,2,False,True,92,780,231,939,False,True,1225,755,1388,964,False,False,,,,,False,False,,,,,False,False,,,,,False
14108,07:49.993,182.0,58.0,0.0,0.0,0.0,2,False,True,91,741,230,899,False,True,1224,733,1387,937,False,False,,,,,False,False,,,,,False,False,,,,,False
14123,07:50.493,182.0,58.0,0.0,0.0,0.0,2,False,True,101,648,240,807,False,True,1249,645,1410,858,False,False,,,,,False,False,,,,,False,False,,,,,False
14138,07:50.992,182.0,58.0,0.0,0.0,0.0,2,False,True,105,725,241,878,False,True,1245,718,1396,924,False,False,,,,,False,False,,,,,False,False,,,,,False
14153,07:51.492,182.0,58.0,0.0,0.0,0.0,2,False,True,116,725,252,877,False,True,1249,718,1394,930,False,False,,,,,False,False,,,,,False,False,,,,,False
14168,07:51.992,182.0,58.0,0.0,0.0,0.0,2,False,True,117,733,254,884,False,True,1247,727,1393,936,False,False,,,,,False,False,,,,,False,False,,,,,False
14183,07:52.492,182.0,58.0,0.0,0.0,0.0,2,False,True,113,736,248,889,False,True,1240,730,1388,941,False,False,,,,,False,False,,,,,False,False,,,,,False
14198,07:52.991,182.0,58.0,0.0,0.0,0.0,2,False,True,145,742,278,893,False,True,1249,729,1398,936,False,False,,,,,False,False,,,,,False,False,,,,,False
14213,07:53.491,182.0,58.0,0.0,0.0,0.0,2,False,True,94,914,231,1071,False,True,1279,846,1426,999,False,False,,,,,False,False,,,,,False,False,,,,,False
14228,07:53.991,182.0,58.0,0.0,0.0,0.0,2,False,True,42,830,185,991,False,True,1206,785,1358,992,False,False,,,,,False,False,,,,,False,False,,,,,False
14243,07:54.490,182.0,58.0,0.0,0.0,0.0,2,False,True,51,685,195,845,False,True,1193,714,1354,925,False,False,,,,,False,False,,,,,False,False,,,,,False
14258,07:54.990,182.0,58.0,0.0,0.0,0.0,1,False,False,,,,,False,True,1080,549,1245,773,False,False,,,,,False,False,,,,,False,False,,,,,False
14273,07:55.490,182.0,68.0,0.0,10.0,10.0,2,False,True,-28,507,110,671,False,True,1147,503,1315,719,False,False,,,,,False,False,,,,,False,False,,,,,False
14288,07:55.990,182.0,68.0,0.0,0.0,0.0,2,False,True,340,486,461,634,False,True,1411,458,1582,682,False,False,,,,,False,False,,,,,False,False,,,,,False
14303,07:56.489,182.0,68.0,0.0,0.0,0.0,2,False,True,1010,470,1103,603,False,True,2091,542,2329,794,False,False,,,,,False,False,,,,,False,False,,,,,False
14318,07:56.989,182.0,68.0,0.0,0.0,0.0,2,False,True,527,523,638,664,False,True,1551,611,1723,835,False,False,,,,,False,False,,,,,False,False,,,,,False
14333,07:57.489,182.0,58.0,0.0,-10.0,10.0,2,False,True,-21,592,116,755,False,True,1143,629,1301,838,False,False,,,,,False,False,,,,,False,False,,,,,False
14348,07:57.988,1274.0,734.0,1092.0,676.0,1284.3052596637606,2,True,True,-25,633,105,788,False,True,1114,607,1276,823,True,False,,,,,False,False,,,,,False,False,,,,,False
14363,07:58.488,182.0,58.0,-1092.0,-676.0,1284.3052596637606,2,False,True,28,886,164,1037,False,True,1102,766,1264,971,False,False,,,,,False,False,,,,,False,False,,,,,False
14378,07:58.988,182.0,58.0,0.0,0.0,0.0,2,False,True,406,655,517,787,False,True,1353,532,1522,750,False,False,,,,,False,False,,,,,False,False,,,,,False
14393,07:59.487,182.0,68.0,0.0,10.0,10.0,1,False,False,,,,,False,True,991,532,1164,759,False,False,,,,,False,False,,,,,False,False,,,,,False
14408,07:59.987,182.0,68.0,0.0,0.0,0.0,1,False,False,,,,,False,True,1024,562,1188,780,False,False,,,,,False,False,,,,,False,False,,,,,False
14423,08:00.487,182.0,68.0,0.0,0.0,0.0,2,False,True,104,520,243,681,False,True,1248,650,1411,871,False,False,,,,,False,False,,,,,False,False,,,,,False
14438,08:00.987,182.0,68.0,0.0,0.0,0.0,2,False,True,173,559,307,716,False,True,1272,685,1425,899,False,False,,,,,False,False,,,,,False,False,,,,,False
14453,08:01.486,1362.0,788.0,1180.0,720.0,1382.316895650198,2,True,True,225,561,354,708,False,True,1301,668,1451,887,True,False,,,,,False,False,,,,,False,False,,,,,False
14468,08:01.986,182.0,58.0,-1180.0,-730.0,1387.5518008348374,2,False,True,344,595,463,736,False,True,1411,673,1560,887,False,False,,,,,False,False,,,,,False,False,,,,,False
14483,08:02.486,182.0,58.0,0.0,0.0,0.0,2,False,True,279,599,402,739,False,True,1362,680,1505,887,False,False,,,,,False,False,,,,,False,False,,,,,False
14498,08:02.985,182.0,58.0,0.0,0.0,0.0,2,False,True,239,600,366,742,False,True,1317,666,1465,877,False,False,,,,,False,False,,,,,False,False,,,,,False
14513,08:03.485,182.0,58.0,0.0,0.0,0.0,2,False,True,227,616,355,761,False,True,1320,672,1477,888,False,False,,,,,False,False,,,,,False,False,,,,,False
14528,08:03.985,182.0,58.0,0.0,0.0,0.0,2,False,True,1013,712,1104,837,False,True,2044,694,2203,907,False,False,,,,,False,False,,,,,False,False,,,,,False
14543,08:04.485,182.0,58.0,0.0,0.0,0.0,1,False,True,1219,702,1309,827,False,False,,,,,False,False,,,,,False,False,,,,,False,False,,,,,False
14558,08:04.984,182.0,58.0,0.0,0.0,0.0,1,False,True,1241,650,1333,780,False,False,,,,,False,False,,,,,False,False,,,,,False,False,,,,,False
14573,08:05.484,182.0,68.0,0.0,10.0,10.0,1,False,True,1226,635,1318,760,False,False,,,,,False,False,,,,,False,False,,,,,False,False,,,,,False
14588,08:05.984,182.0,68.0,0.0,0.0,0.0,1,False,True,1210,609,1304,739,False,False,,,,,False,False,,,,,False,False,,,,,False,False,,,,,False
14603,08:06.483,182.0,68.0,0.0,0.0,0.0,1,False,True,1204,583,1298,712,False,False,,,,,False,False,,,,,False,False,,,,,False,False,,,,,False
14618,08:06.983,182.0,68.0,0.0,0.0,0.0,1,False,True,1187,567,1280,698,False,False,,,,,False,False,,,,,False,False,,,,,False,False,,,,,False
14633,08:07.483,182.0,68.0,0.0,0.0,0.0,1,False,True,1184,534,1276,662,False,False,,,,,False,False,,,,,False,False,,,,,False,False,,,,,False
14648,08:07.983,182.0,68.0,0.0,0.0,0.0,1,False,True,1188,542,1281,671,False,False,,,,,False,False,,,,,False,False,,,,,False,False,,,,,False
14663,08:08.482,182.0,68.0,0.0,0.0,0.0,1,False,True,1220,530,1313,661,False,False,,,,,False,False,,,,,False,False,,,,,False,False,,,,,False
14678,08:08.982,182.0,68.0,0.0,0.0,0.0,1,False,True,1238,563,1331,692,False,False,,,,,False,False,,,,,False,False,,,,,False,False,,,,,False
14693,08:09.482,182.0,68.0,0.0,0.0,0.0,1,False,True,1252,545,1345,671,False,False,,,,,False,False,,,,,False,False,,,,,False,False,,,,,False
14708,08:09.981,182.0,68.0,0.0,0.0,0.0,1,False,True,1271,589,1364,709,False,False,,,,,False,False,,,,,False,False,,,,,False,False,,,,,False
14723,08:10.481,182.0,68.0,0.0,0.0,0.0,2,False,True,1297,625,1389,748,False,False,,,,,False,False,,,,,False,False,,,,,False,True,-79,527,116,778,False
14738,08:10.981,182.0,68.0,0.0,0.0,0.0,2,False,True,1277,644,1369,771,False,False,,,,,False,False,,,,,False,False,,,,,False,True,-78,537,101,792,False
14753,08:11.481,182.0,68.0,0.0,0.0,0.0,1,False,True,1273,645,1366,777,False,False,,,,,False,False,,,,,False,False,,,,,False,False,,,,,False
14768,08:11.980,182.0,68.0,0.0,0.0,0.0,1,False,True,1284,666,1378,798,False,False,,,,,False,False,,,,,False,False,,,,,False,False,,,,,False
14783,08:12.480,182.0,68.0,0.0,0.0,0.0,2,False,True,1323,664,1416,795,False,False,,,,,False,False,,,,,False,False,,,,,False,True,-63,561,151,829,False
14798,08:12.980,182.0,68.0,0.0,0.0,0.0,1,False,True,1265,649,1358,782,False,False,,,,,False,False,,,,,False,False,,,,,False,False,,,,,False
14813,08:13.479,182.0,68.0,0.0,0.0,0.0,1,False,True,1250,654,1342,785,False,False,,,,,False,False,,,,,False,False,,,,,False,False,,,,,False
14828,08:13.979,182.0,68.0,0.0,0.0,0.0,1,False,True,1133,599,1227,733,False,False,,,,,False,False,,,,,False,False,,,,,False,False,,,,,False
14843,08:14.479,182.0,68.0,0.0,0.0,0.0,1,False,True,1193,604,1286,737,False,False,,,,,False,False,,,,,False,False,,,,,False,False,,,,,False
14858,08:14.978,182.0,68.0,0.0,0.0,0.0,1,False,True,1215,632,1305,759,False,False,,,,,False,False,,,,,False,False,,,,,False,False,,,,,False
14873,08:15.478,182.0,68.0,0.0,0.0,0.0,1,False,True,1206,652,1298,782,False,False,,,,,False,False,,,,,False,False,,,,,False,False,,,,,False
14888,08:15.978,182.0,68.0,0.0,0.0,0.0,1,False,True,1210,665,1302,795,False,False,,,,,False,False,,,,,False,False,,,,,False,False,,,,,False
14903,08:16.478,182.0,68.0,0.0,0.0,0.0,1,False,True,1224,633,1322,770,False,False,,,,,False,False,,,,,False,False,,,,,False,False,,,,,False
14918,08:16.977,182.0,68.0,0.0,0.0,0.0,1,False,True,1195,489,1300,638,False,False,,,,,False,False,,,,,False,False,,,,,False,False,,,,,False
14933,08:17.477,182.0,68.0,0.0,0.0,0.0,1,False,True,1188,466,1292,620,False,False,,,,,False,False,,,,,False,False,,,,,False,False,,,,,False
14948,08:17.977,182.0,68.0,0.0,0.0,0.0,1,False,True,1196,516,1299,665,False,False,,,,,False,False,,,,,False,False,,,,,False,False,,,,,False
14963,08:18.476,182.0,68.0,0.0,0.0,0.0,1,False,True,1178,489,1280,639,False,False,,,,,False,False,,,,,False,False,,,,,False,False,,,,,False
14978,08:18.976,182.0,68.0,0.0,0.0,0.0,1,False,True,1189,435,1288,573,False,False,,,,,False,False,,,,,False,False,,,,,False,False,,,,,False
14993,08:19.476,182.0,68.0,0.0,0.0,0.0,1,False,True,1163,509,1257,639,False,False,,,,,False,False,,,,,False,False,,,,,False,False,,,,,False
15008,08:19.976,182.0,68.0,0.0,0.0,0.0,1,False,True,1200,429,1295,568,False,False,,,,,False,False,,,,,False,False,,,,,False,False,,,,,False
15023,08:20.475,182.0,68.0,0.0,0.0,0.0,2,False,True,1201,532,1294,662,False,False,,,,,False,False,,,,,False,False,,,,,False,True,2313,648,2434,851,False
15038,08:20.975,182.0,68.0,0.0,0.0,0.0,2,False,True,1197,499,1291,633,False,False,,,,,False,False,,,,,False,False,,,,,False,True,2321,603,2437,802,False
15053,08:21.475,182.0,68.0,0.0,0.0,0.0,2,False,True,1200,577,1293,708,False,False,,,,,False,False,,,,,False,False,,,,,False,True,2312,670,2437,876,False
15068,08:21.974,182.0,68.0,0.0,0.0,0.0,1,False,True,1216,495,1309,625,False,False,,,,,False,False,,,,,False,False,,,,,False,False,,,,,False
15083,08:22.474,182.0,68.0,0.0,0.0,0.0,2,False,True,1193,557,1284,689,False,False,,,,,False,False,,,,,False,False,,,,,False,True,2301,637,2431,853,False
15098,08:22.974,182.0,68.0,0.0,0.0,0.0,2,False,True,1162,537,1255,668,False,True,2264,574,2420,803,False,False,,,,,False,False,,,,,False,False,,,,,False
15113,08:23.474,182.0,68.0,0.0,0.0,0.0,2,False,True,1181,589,1273,719,False,True,2294,635,2427,854,False,False,,,,,False,False,,,,,False,False,,,,,False
15128,08:23.973,182.0,68.0,0.0,0.0,0.0,1,False,True,1197,561,1290,694,False,False,,,,,False,False,,,,,False,False,,,,,False,False,,,,,False
15143,08:24.473,182.0,68.0,0.0,0.0,0.0,2,False,True,1178,616,1267,742,False,True,2310,665,2439,882,False,False,,,,,False,False,,,,,False,False,,,,,False
15158,08:24.973,182.0,68.0,0.0,0.0,0.0,2,False,True,1171,634,1261,761,False,True,2300,700,2432,921,False,False,,,,,False,False,,,,,False,False,,,,,False
15173,08:25.472,182.0,68.0,0.0,0.0,0.0,2,False,True,1118,641,1211,773,False,True,2208,691,2371,921,False,False,,,,,False,False,,,,,False,False,,,,,False
15188,08:25.972,182.0,68.0,0.0,0.0,0.0,2,False,True,1164,699,1257,829,False,True,2277,743,2440,984,False,False,,,,,False,False,,,,,False,False,,,,,False
15203,08:26.472,182.0,68.0,0.0,0.0,0.0,2,False,True,1250,694,1341,819,False,False,,,,,False,False,,,,,False,False,,,,,False,True,-81,442,118,722,False
15218,08:26.971,182.0,68.0,0.0,0.0,0.0,2,False,True,1274,708,1365,839,False,False,,,,,False,False,,,,,False,False,,,,,False,True,-67,478,141,756,False
15233,08:27.471,182.0,68.0,0.0,0.0,0.0,1,False,True,1227,725,1320,856,False,False,,,,,False,False,,,,,False,False,,,,,False,False,,,,,False
15248,08:27.971,182.0,68.0,0.0,0.0,0.0,1,False,True,1197,720,1290,853,False,False,,,,,False,False,,,,,False,False,,,,,False,False,,,,,False
15263,08:28.471,182.0,68.0,0.0,0.0,0.0,2,False,True,1738,682,1846,826,False,False,,,,,False,False,,,,,False,False,,,,,False,True,604,573,743,810,False
15278,08:28.970,182.0,68.0,0.0,0.0,0.0,2,False,True,1287,680,1381,812,False,False,,,,,False,False,,,,,False,False,,,,,False,True,-16,505,190,771,False
15293,08:29.470,182.0,68.0,0.0,0.0,0.0,1,False,True,1203,698,1296,828,False,False,,,,,False,False,,,,,False,False,,,,,False,False,,,,,False
15308,08:29.970,182.0,68.0,0.0,0.0,0.0,2,False,True,1162,718,1254,848,False,True,2144,777,2297,993,False,False,,,,,False,False,,,,,False,False,,,,,False
15323,08:30.469,182.0,68.0,0.0,0.0,0.0,2,False,True,1164,730,1256,861,False,False,,,,,False,False,,,,,False,False,,,,,False,True,1816,800,1941,992,False
15338,08:30.969,182.0,68.0,0.0,0.0,0.0,1,False,True,1176,744,1265,872,False,False,,,,,False,False,,,,,False,False,,,,,False,False,,,,,False
15353,08:31.469,182.0,68.0,0.0,0.0,0.0,1,False,True,1198,684,1296,819,False,False,,,,,False,False,,,,,False,False,,,,,False,False,,,,,False
15368,08:31.969,182.0,68.0,0.0,0.0,0.0,2,False,True,1221,669,1325,812,False,False,,,,,False,False,,,,,False,False,,,,,False,True,1724,779,1847,956,False
15383,08:32.468,182.0,68.0,0.0,0.0,0.0,2,False,True,1188,654,1300,814,False,True,2077,655,2235,906,False,False,,,,,False,False,,,,,False,False,,,,,False
15398,08:32.968,182.0,68.0,0.0,0.0,0.0,1,False,True,1184,681,1300,849,False,False,,,,,False,False,,,,,False,False,,,,,False,False,,,,,False
15413,08:33.468,182.0,68.0,0.0,0.0,0.0,1,False,True,1208,665,1324,826,False,False,,,,,False,False,,,,,False,False,,,,,False,False,,,,,False
15428,08:33.967,182.0,68.0,0.0,0.0,0.0,1,False,True,1193,608,1310,773,False,False,,,,,False,False,,,,,False,False,,,,,False,False,,,,,False
15443,08:34.467,182.0,68.0,0.0,0.0,0.0,1,False,True,1166,569,1307,764,False,False,,,,,False,False,,,,,False,False,,,,,False,False,,,,,False
15458,08:34.967,182.0,68.0,0.0,0.0,0.0,2,False,True,1213,610,1356,818,False,False,,,,,False,False,,,,,False,False,,,,,False,True,-123,470,209,904,False
15473,08:35.467,182.0,68.0,0.0,0.0,0.0,2,False,True,1230,611,1358,798,False,False,,,,,False,False,,,,,False,False,,,,,False,True,216,443,461,775,False
15488,08:35.966,182.0,68.0,0.0,0.0,0.0,2,False,True,1232,739,1351,908,False,False,,,,,False,False,,,,,False,False,,,,,False,True,185,557,417,847,False
15503,08:36.466,182.0,68.0,0.0,0.0,0.0,2,False,True,1237,750,1360,924,False,False,,,,,False,False,,,,,False,False,,,,,False,True,201,537,437,840,False
15518,08:36.966,182.0,68.0,0.0,0.0,0.0,2,False,True,1386,739,1513,911,False,False,,,,,False,False,,,,,False,False,,,,,False,True,427,529,633,814,False
15533,08:37.465,854.0,734.0,672.0,666.0,946.1183858270592,1,False,False,,,,,False,False,,,,,False,False,,,,,False,False,,,,,False,True,1563,595,1731,834,False
15548,08:37.965,1026.0,724.0,172.0,-10.0,172.29045243425418,1,False,False,,,,,False,False,,,,,False,False,,,,,False,False,,,,,False,True,1799,538,1979,760,False
15563,08:38.465,1028.0,662.0,2.0,-62.0,62.032249677083286,1,False,False,,,,,False,False,,,,,False,False,,,,,False,False,,,,,False,True,1830,475,2016,707,False
15578,08:38.965,1210.0,854.0,182.0,192.0,264.55245226608656,1,False,False,,,,,False,False,,,,,False,False,,,,,False,False,,,,,False,True,1505,485,1671,724,False
15593,08:39.464,182.0,58.0,-1028.0,-796.0,1300.1538370516007,2,False,True,1175,726,1283,871,False,False,,,,,False,False,,,,,False,False,,,,,False,True,103,591,326,858,False
15608,08:39.964,1034.0,836.0,852.0,778.0,1153.7712078224176,2,True,True,967,739,1074,872,True,True,1980,780,2207,1025,False,False,,,,,False,False,,,,,False,False,,,,,False
15623,08:40.464,182.0,58.0,-852.0,-778.0,1153.7712078224176,2,False,True,911,713,1021,850,False,True,1909,753,2124,990,False,False,,,,,False,False,,,,,False,False,,,,,False
15638,08:40.963,182.0,58.0,0.0,0.0,0.0,2,False,True,857,757,966,890,False,True,1843,791,2048,1027,False,False,,,,,False,False,,,,,False,False,,,,,False
15653,08:41.463,182.0,58.0,0.0,0.0,0.0,2,False,True,623,708,743,858,False,True,1588,736,1770,962,False,False,,,,,False,False,,,,,False,False,,,,,False
15668,08:41.963,182.0,58.0,0.0,0.0,0.0,2,False,True,607,653,729,808,False,True,1565,685,1743,906,False,False,,,,,False,False,,,,,False,False,,,,,False
15683,08:42.462,182.0,58.0,0.0,0.0,0.0,2,False,True,996,669,1101,812,False,True,1956,716,2171,930,False,False,,,,,False,False,,,,,False,False,,,,,False
15698,08:42.962,182.0,58.0,0.0,0.0,0.0,2,False,True,1753,653,1874,810,False,False,,,,,False,False,,,,,False,False,,,,,False,True,900,664,1021,875,False
15713,08:43.462,182.0,58.0,0.0,0.0,0.0,2,False,True,1863,561,1993,720,False,False,,,,,False,False,,,,,False,False,,,,,False,True,1013,611,1134,818,False
15728,08:43.962,182.0,58.0,0.0,0.0,0.0,2,False,True,1854,564,1975,720,False,False,,,,,False,False,,,,,False,True,987,591,1126,805,False,False,,,,,False
15743,08:44.461,182.0,58.0,0.0,0.0,0.0,2,False,True,1827,630,1936,769,False,False,,,,,False,False,,,,,False,True,943,593,1092,813,False,False,,,,,False
15758,08:44.961,968.0,710.0,786.0,652.0,1021.2247548899312,2,True,True,1801,636,1908,770,False,False,,,,,False,False,,,,,False,True,890,596,1041,815,True,False,,,,,False
15773,08:45.461,182.0,58.0,-786.0,-652.0,1021.2247548899312,2,False,True,1786,644,1893,778,False,False,,,,,False,False,,,,,False,True,880,588,1027,803,False,False,,,,,False
15788,08:45.960,182.0,58.0,0.0,0.0,0.0,2,False,True,1756,647,1860,778,False,False,,,,,False,False,,,,,False,True,870,589,1015,803,False,False,,,,,False
15803,08:46.460,182.0,58.0,0.0,0.0,0.0,2,False,True,1738,639,1840,768,False,False,,,,,False,False,,,,,False,True,869,568,1016,784,False,False,,,,,False
15818,08:46.960,182.0,58.0,0.0,0.0,0.0,2,False,True,1746,635,1851,766,False,False,,,,,False,False,,,,,False,False,,,,,False,True,832,553,988,781,False
15833,08:47.460,182.0,68.0,0.0,10.0,10.0,2,False,True,1746,659,1849,789,False,False,,,,,False,False,,,,,False,True,864,586,1007,803,False,False,,,,,False
15848,08:47.959,182.0,68.0,0.0,0.0,0.0,2,False,True,1733,679,1836,811,False,False,,,,,False,False,,,,,False,True,905,594,1023,800,False,False,,,,,False
15863,08:48.459,182.0,68.0,0.0,0.0,0.0,2,False,True,1684,666,1782,793,False,False,,,,,False,False,,,,,False,True,809,574,949,785,False,False,,,,,False
15878,08:48.959,182.0,68.0,0.0,0.0,0.0,2,False,True,1371,623,1459,744,False,False,,,,,False,False,,,,,False,False,,,,,False,True,399,482,582,723,False
15893,08:49.458,182.0,68.0,0.0,0.0,0.0,2,False,True,1662,612,1758,740,False,False,,,,,False,False,,,,,False,True,740,512,900,731,False,False,,,,,False
15908,08:49.958,182.0,68.0,0.0,0.0,0.0,2,False,True,1746,645,1849,776,False,False,,,,,False,False,,,,,False,False,,,,,False,True,852,543,1000,762,False
15923,08:50.458,182.0,68.0,0.0,0.0,0.0,2,False,True,764,597,860,724,False,True,1793,545,1975,773,False,False,,,,,False,False,,,,,False,False,,,,,False
15938,08:50.958,182.0,68.0,0.0,0.0,0.0,2,False,True,369,637,482,766,False,True,1422,577,1582,790,False,False,,,,,False,False,,,,,False,False,,,,,False
15953,08:51.457,182.0,58.0,0.0,-10.0,10.0,2,False,True,905,595,996,716,False,True,1952,509,2158,735,False,False,,,,,False,False,,,,,False,False,,,,,False
15968,08:51.957,182.0,58.0,0.0,0.0,0.0,2,False,True,1382,615,1471,736,False,False,,,,,False,False,,,,,False,False,,,,,False,True,453,526,617,763,False
15983,08:52.457,182.0,58.0,0.0,0.0,0.0,2,False,True,1749,692,1849,817,False,False,,,,,False,False,,,,,False,True,817,615,972,831,False,False,,,,,False
15998,08:52.956,182.0,58.0,0.0,0.0,0.0,2,False,True,1730,652,1829,777,False,False,,,,,False,False,,,,,False,False,,,,,False,True,802,564,959,782,False
16013,08:53.456,182.0,68.0,0.0,10.0,10.0,2,False,True,1677,675,1775,798,False,False,,,,,False,False,,,,,False,False,,,,,False,True,794,591,945,808,False
16028,08:53.956,182.0,68.0,0.0,0.0,0.0,2,False,True,1788,683,1890,808,False,False,,,,,False,False,,,,,False,False,,,,,False,True,908,619,1060,838,False
16043,08:54.455,182.0,68.0,0.0,0.0,0.0,2,False,True,1687,799,1783,918,False,False,,,,,False,False,,,,,False,False,,,,,False,True,804,715,964,952,False
16058,08:54.955,182.0,68.0,0.0,0.0,0.0,2,False,True,1619,829,1709,941,False,False,,,,,False,False,,,,,False,True,784,671,947,898,False,False,,,,,False
16073,08:55.455,1154.0,784.0,972.0,716.0,1207.2447970482208,3,True,True,1108,749,1192,857,True,True,2103,860,2252,1061,False,False,,,,,False,False,,,,,False,True,138,465,345,735,False
16088,08:55.955,1042.0,770.0,-112.0,-14.0,112.87160847617969,2,True,True,1015,696,1100,805,True,True,1997,771,2194,998,False,False,,,,,False,False,,,,,False,False,,,,,False
16103,08:56.454,1088.0,750.0,46.0,-20.0,50.159744815937806,3,True,True,1056,682,1143,795,True,True,2058,750,2256,976,False,False,,,,,False,False,,,,,False,True,-60,365,141,631,False
16118,08:56.954,182.0,58.0,-906.0,-692.0,1140.0438588054408,3,False,True,1081,710,1168,825,False,True,2093,777,2295,1007,False,False,,,,,False,False,,,,,False,True,40,433,220,676,False
16133,08:57.454,182.0,68.0,0.0,10.0,10.0,2,False,True,2212,887,2345,1026,False,False,,,,,False,False,,,,,False,True,1249,587,1383,795,False,False,,,,,False
16148,08:57.953,182.0,68.0,0.0,0.0,0.0,1,False,False,,,,,False,False,,,,,False,False,,,,,False,False,,,,,False,True,1307,546,1447,761,False
16163,08:58.453,182.0,68.0,0.0,0.0,0.0,2,False,True,2122,940,2246,1073,False,False,,,,,False,False,,,,,False,True,1142,661,1279,871,False,False,,,,,False
16178,08:58.953,182.0,68.0,0.0,0.0,0.0,2,False,True,1413,850,1503,968,False,False,,,,,False,False,,,,,False,False,,,,,False,True,468,557,640,803,False
16193,08:59.453,1256.0,850.0,1074.0,782.0,1328.5330255586423,2,True,True,1218,822,1303,936,True,False,,,,,False,False,,,,,False,False,,,,,False,True,153,525,365,777,False
16208,08:59.952,182.0,58.0,-1074.0,-792.0,1334.4437043202684,2,False,True,1218,848,1304,963,False,False,,,,,False,False,,,,,False,False,,,,,False,True,122,551,339,810,False
16223,09:00.452,1292.0,866.0,1110.0,808.0,1372.9399112852682,2,True,True,1249,785,1335,901,True,False,,,,,False,False,,,,,False,False,,,,,False,True,174,487,386,748,False
16238,09:00.952,1280.0,772.0,-12.0,-94.0,94.76286192385707,2,True,True,1244,703,1328,820,True,False,,,,,False,False,,,,,False,False,,,,,False,True,146,468,359,728,False
16253,09:01.451,182.0,58.0,-1098.0,-714.0,1309.7327971765844,2,False,True,1197,731,1282,845,False,False,,,,,False,False,,,,,False,False,,,,,False,True,79,479,303,748,False
16268,09:01.951,1232.0,818.0,1050.0,760.0,1296.1867149450343,2,True,True,1193,734,1277,850,True,False,,,,,False,False,,,,,False,False,,,,,False,True,75,459,298,730,False
16283,09:02.451,182.0,58.0,-1050.0,-760.0,1296.1867149450343,2,False,True,1230,816,1316,932,False,False,,,,,False,False,,,,,False,False,,,,,False,True,139,593,349,852,False
16298,09:02.951,1222.0,872.0,1040.0,814.0,1320.6801278129387,2,True,True,1184,790,1268,908,True,False,,,,,False,False,,,,,False,False,,,,,False,True,66,589,284,854,False
16313,09:03.450,182.0,58.0,-1040.0,-814.0,1320.6801278129387,2,False,True,1181,734,1267,858,False,False,,,,,False,False,,,,,False,False,,,,,False,True,84,536,298,799,False
16328,09:03.950,1208.0,820.0,1026.0,762.0,1278.0140844294322,3,True,True,1163,737,1247,858,True,True,2287,708,2478,944,False,False,,,,,False,False,,,,,False,True,72,550,278,813,False
16343,09:04.450,182.0,58.0,-1026.0,-762.0,1278.0140844294322,3,False,True,1137,790,1222,908,False,True,2250,786,2465,1036,False,False,,,,,False,False,,,,,False,True,64,575,267,838,False
16358,09:04.949,1192.0,846.0,1010.0,788.0,1281.0323961555382,3,True,True,1151,763,1236,883,True,True,2264,760,2476,1007,False,False,,,,,False,False,,,,,False,True,136,564,314,813,False
16373,09:05.449,182.0,58.0,-1010.0,-788.0,1281.0323961555382,3,False,True,1157,786,1241,902,False,True,2264,785,2467,1043,False,False,,,,,False,False,,,,,False,True,94,570,297,829,False
16388,09:05.949,182.0,58.0,0.0,0.0,0.0,3,False,True,1171,770,1255,889,False,True,2265,775,2455,1023,False,False,,,,,False,False,,,,,False,True,97,561,304,819,False
16403,09:06.449,182.0,58.0,0.0,0.0,0.0,2,False,True,1191,747,1275,863,False,False,,,,,False,False,,,,,False,False,,,,,False,True,138,586,336,840,False
16418,09:06.948,182.0,58.0,0.0,0.0,0.0,2,False,True,814,672,904,794,False,True,1793,625,1970,854,False,False,,,,,False,False,,,,,False,False,,,,,False
16433,09:07.448,182.0,58.0,0.0,0.0,0.0,2,False,True,646,678,742,802,False,True,1618,640,1780,856,False,False,,,,,False,False,,,,,False,False,,,,,False
16448,09:07.948,1022.0,774.0,840.0,716.0,1103.7463476723265,2,True,True,1007,698,1089,818,True,True,2014,647,2220,890,False,False,,,,,False,False,,,,,False,False,,,,,False
16463,09:08.447,990.0,776.0,-32.0,2.0,32.0624390837628,2,True,True,940,698,1027,822,True,True,1931,664,2124,892,False,False,,,,,False,False,,,,,False,False,,,,,False
16478,09:08.947,182.0,58.0,-808.0,-718.0,1080.9199785368016,2,False,True,545,746,647,877,False,True,1532,692,1698,906,False,False,,,,,False,False,,,,,False,False,,,,,False
16493,09:09.447,182.0,58.0,0.0,0.0,0.0,2,False,True,478,724,583,854,False,True,1506,680,1676,896,False,False,,,,,False,False,,,,,False,False,,,,,False
16508,09:09.946,182.0,58.0,0.0,0.0,0.0,2,False,True,487,713,590,844,False,True,1502,674,1671,891,False,False,,,,,False,False,,,,,False,False,,,,,False
16523,09:10.446,182.0,58.0,0.0,0.0,0.0,2,False,True,502,706,605,837,False,True,1507,666,1678,886,False,False,,,,,False,False,,,,,False,False,,,,,False
16538,09:10.946,182.0,58.0,0.0,0.0,0.0,2,False,True,473,702,578,834,False,True,1476,661,1648,882,False,False,,,,,False,False,,,,,False,False,,,,,False
16553,09:11.446,1526.0,808.0,1344.0,750.0,1539.1023357788786,2,True,True,462,697,567,827,False,True,1461,650,1633,877,True,False,,,,,False,False,,,,,False,False,,,,,False
16568,09:11.945,182.0,58.0,-1344.0,-750.0,1539.1023357788786,2,False,True,627,724,723,850,False,True,1608,659,1782,885,False,False,,,,,False,False,,,,,False,False,,,,,False
16583,09:12.445,182.0,58.0,0.0,0.0,0.0,2,False,True,603,719,701,847,False,True,1600,649,1760,859,False,False,,,,,False,False,,,,,False,False,,,,,False
16598,09:12.945,182.0,58.0,0.0,0.0,0.0,2,False,True,609,719,706,847,False,True,1599,649,1754,845,False,False,,,,,False,False,,,,,False,False,,,,,False
16613,09:13.444,182.0,58.0,0.0,0.0,0.0,2,False,True,607,711,704,838,False,True,1601,645,1752,846,False,False,,,,,False,False,,,,,False,False,,,,,False
16628,09:13.944,182.0,58.0,0.0,0.0,0.0,2,False,True,609,704,707,833,False,True,1602,647,1759,845,False,False,,,,,False,False,,,,,False,False,,,,,False
16643,09:14.444,182.0,58.0,0.0,0.0,0.0,2,False,True,992,682,1077,807,False,True,2027,622,2206,847,False,False,,,,,False,False,,,,,False,False,,,,,False
16658,09:14.944,1162.0,788.0,980.0,730.0,1222.0065466273086,0,False,False,,,,,False,False,,,,,False,False,,,,,False,False,,,,,False,False,,,,,False
16673,09:15.443,182.0,68.0,-980.0,-720.0,1216.0592090848208,1,False,True,-48,672,80,848,False,False,,,,,False,False,,,,,False,False,,,,,False,False,,,,,False
16688,09:15.943,182.0,68.0,0.0,0.0,0.0,1,False,True,-2,671,139,845,False,False,,,,,False,False,,,,,False,False,,,,,False,False,,,,,False
16703,09:16.443,182.0,68.0,0.0,0.0,0.0,1,False,True,364,647,481,803,False,False,,,,,False,False,,,,,False,False,,,,,False,False,,,,,False
16718,09:16.942,182.0,68.0,0.0,0.0,0.0,2,False,True,1162,662,1250,795,False,False,,,,,False,False,,,,,False,False,,,,,False,True,295,423,549,752,False
16733,09:17.442,182.0,68.0,0.0,0.0,0.0,1,False,True,258,585,397,743,False,False,,,,,False,False,,,,,False,False,,,,,False,False,,,,,False
16748,09:17.942,182.0,68.0,0.0,0.0,0.0,1,False,False,,,,,False,True,1502,603,1707,878,False,False,,,,,False,False,,,,,False,False,,,,,False
16763,09:18.442,182.0,68.0,0.0,0.0,0.0,1,False,False,,,,,False,True,1456,596,1658,871,False,False,,,,,False,False,,,,,False,False,,,,,False
16778,09:18.941,182.0,68.0,0.0,0.0,0.0,1,False,False,,,,,False,True,1494,584,1676,857,False,False,,,,,False,False,,,,,False,False,,,,,False
16793,09:19.441,182.0,68.0,0.0,0.0,0.0,0,False,False,,,,,False,False,,,,,False,False,,,,,False,False,,,,,False,False,,,,,False
16808,09:19.941,182.0,68.0,0.0,0.0,0.0,0,False,False,,,,,False,False,,,,,False,False,,,,,False,False,,,,,False,False,,,,,False
16823,09:20.440,182.0,68.0,0.0,0.0,0.0,0,False,False,,,,,False,False,,,,,False,False,,,,,False,False,,,,,False,False,,,,,False
16838,09:20.940,182.0,68.0,0.0,0.0,0.0,0,False,False,,,,,False,False,,,,,False,False,,,,,False,False,,,,,False,False,,,,,False
16853,09:21.440,1290.0,676.0,1108.0,608.0,1263.8544219964576,0,False,False,,,,,False,False,,,,,False,False,,,,,False,False,,,,,False,False,,,,,False
16868,09:21.939,1274.0,502.0,-16.0,-174.0,174.73408368146153,0,False,False,,,,,False,False,,,,,False,False,,,,,False,False,,,,,False,False,,,,,False
16883,09:22.439,182.0,58.0,-1092.0,-444.0,1178.81296226331,0,False,False,,,,,False,False,,,,,False,False,,,,,False,False,,,,,False,False,,,,,False
16898,09:22.939,1312.0,508.0,1130.0,450.0,1216.3058825805292,0,False,False,,,,,False,False,,,,,False,False,,,,,False,False,,,,,False,False,,,,,False
16913,09:23.439,182.0,58.0,-1130.0,-450.0,1216.3058825805292,0,False,False,,,,,False,False,,,,,False,False,,,,,False,False,,,,,False,False,,,,,False
16928,09:23.938,182.0,58.0,0.0,0.0,0.0,0,False,False,,,,,False,False,,,,,False,False,,,,,False,False,,,,,False,False,,,,,False
16943,09:24.438,1280.0,626.0,1098.0,568.0,1236.215191623206,0,False,False,,,,,False,False,,,,,False,False,,,,,False,False,,,,,False,False,,,,,False
16958,09:24.938,182.0,58.0,-1098.0,-568.0,1236.215191623206,0,False,False,,,,,False,False,,,,,False,False,,,,,False,False,,,,,False,False,,,,,False
16973,09:25.437,1322.0,662.0,1140.0,604.0,1290.1224748061713,0,False,False,,,,,False,False,,,,,False,False,,,,,False,False,,,,,False,False,,,,,False
16988,09:25.937,182.0,58.0,-1140.0,-604.0,1290.1224748061713,1,False,True,-34,224,134,414,False,False,,,,,False,False,,,,,False,False,,,,,False,False,,,,,False
17003,09:26.437,182.0,58.0,0.0,0.0,0.0,1,False,False,,,,,False,False,,,,,False,False,,,,,False,False,,,,,False,True,-23,96,146,278,False
17018,09:26.937,1208.0,854.0,1026.0,796.0,1298.5730630195592,0,False,False,,,,,False,False,,,,,False,False,,,,,False,False,,,,,False,False,,,,,False
17033,09:27.436,182.0,58.0,-1026.0,-796.0,1298.5730630195592,0,False,False,,,,,False,False,,,,,False,False,,,,,False,False,,,,,False,False,,,,,False
17048,09:27.936,1050.0,964.0,868.0,906.0,1254.6951821059965,1,False,False,,,,,False,True,2215,321,2459,638,False,False,,,,,False,False,,,,,False,False,,,,,False
17063,09:28.436,182.0,58.0,-868.0,-906.0,1254.6951821059965,0,False,False,,,,,False,False,,,,,False,False,,,,,False,False,,,,,False,False,,,,,False
17078,09:28.935,1182.0,838.0,1000.0,780.0,1268.2271089990152,0,False,False,,,,,False,False,,,,,False,False,,,,,False,False,,,,,False,False,,,,,False
17093,09:29.435,182.0,68.0,-1000.0,-770.0,1262.1014222319852,0,False,False,,,,,False,False,,,,,False,False,,,,,False,False,,,,,False,False,,,,,False
17108,09:29.935,182.0,68.0,0.0,0.0,0.0,0,False,False,,,,,False,False,,,,,False,False,,,,,False,False,,,,,False,False,,,,,False
17123,09:30.435,182.0,68.0,0.0,0.0,0.0,0,False,False,,,,,False,False,,,,,False,False,,,,,False,False,,,,,False,False,,,,,False
17138,09:30.934,182.0,68.0,0.0,0.0,0.0,0,False,False,,,,,False,False,,,,,False,False,,,,,False,False,,,,,False,False,,,,,False
17153,09:31.434,182.0,58.0,0.0,-10.0,10.0,0,False,False,,,,,False,False,,,,,False,False,,,,,False,False,,,,,False,False,,,,,False
17168,09:31.934,1266.0,854.0,1084.0,796.0,1344.8687668319167,0,False,False,,,,,False,False,,,,,False,False,,,,,False,False,,,,,False,False,,,,,False
17183,09:32.433,182.0,58.0,-1084.0,-796.0,1344.8687668319167,0,False,False,,,,,False,False,,,,,False,False,,,,,False,False,,,,,False,False,,,,,False
17198,09:32.933,1250.0,728.0,1068.0,670.0,1260.7632608860397,0,False,False,,,,,False,False,,,,,False,False,,,,,False,False,,,,,False,False,,,,,False
17213,09:33.433,182.0,58.0,-1068.0,-670.0,1260.7632608860397,0,False,False,,,,,False,False,,,,,False,False,,,,,False,False,,,,,False,False,,,,,False
17228,09:33.933,1244.0,518.0,1062.0,460.0,1157.3435099398969,0,False,False,,,,,False,False,,,,,False,False,,,,,False,False,,,,,False,False,,,,,False
17243,09:34.432,1054.0,436.0,-190.0,-82.0,206.9396047159654,0,False,False,,,,,False,False,,,,,False,False,,,,,False,False,,,,,False,False,,,,,False
17258,09:34.932,1246.0,510.0,192.0,74.0,205.7668583615933,0,False,False,,,,,False,False,,,,,False,False,,,,,False,False,,,,,False,False,,,,,False
17273,09:35.432,1238.0,586.0,-8.0,76.0,76.4198926981712,0,False,False,,,,,False,False,,,,,False,False,,,,,False,False,,,,,False,False,,,,,False
17288,09:35.931,1274.0,742.0,36.0,156.0,160.099968769516,0,False,False,,,,,False,False,,,,,False,False,,,,,False,False,,,,,False,False,,,,,False
17303,09:36.431,1222.0,842.0,-52.0,100.0,112.71202242884297,0,False,False,,,,,False,False,,,,,False,False,,,,,False,False,,,,,False,False,,,,,False
17318,09:36.931,1226.0,896.0,4.0,54.0,54.147945482723536,0,False,False,,,,,False,False,,,,,False,False,,,,,False,False,,,,,False,False,,,,,False
17333,09:37.430,182.0,58.0,-1044.0,-838.0,1338.723272375587,0,False,False,,,,,False,False,,,,,False,False,,,,,False,False,,,,,False,False,,,,,False
17348,09:37.930,1642.0,854.0,1460.0,796.0,1662.8938631193514,0,False,False,,,,,False,False,,,,,False,False,,,,,False,False,,,,,False,False,,,,,False
17363,09:38.430,182.0,58.0,-1460.0,-796.0,1662.8938631193514,1,False,False,,,,,False,True,1682,654,1854,924,False,False,,,,,False,False,,,,,False,False,,,,,False
17378,09:38.930,182.0,58.0,0.0,0.0,0.0,1,False,False,,,,,False,True,1607,666,1770,915,False,False,,,,,False,False,,,,,False,False,,,,,False
17393,09:39.429,182.0,68.0,0.0,10.0,10.0,0,False,False,,,,,False,False,,,,,False,False,,,,,False,False,,,,,False,False,,,,,False
17408,09:39.929,182.0,68.0,0.0,0.0,0.0,2,False,True,1472,817,1568,957,False,False,,,,,False,False,,,,,False,False,,,,,False,True,708,625,907,913,False
17423,09:40.429,182.0,68.0,0.0,0.0,0.0,2,False,True,1491,817,1586,956,False,False,,,,,False,False,,,,,False,True,726,614,924,897,False,False,,,,,False
17438,09:40.928,182.0,68.0,0.0,0.0,0.0,2,False,True,1446,816,1543,956,False,False,,,,,False,False,,,,,False,True,667,598,866,885,False,False,,,,,False
17453,09:41.428,1222.0,778.0,1040.0,710.0,1259.2458060283545,2,True,True,1173,745,1264,879,True,False,,,,,False,False,,,,,False,False,,,,,False,True,256,514,519,831,False
17468,09:41.928,1298.0,742.0,76.0,-36.0,84.09518416651456,1,False,True,586,798,692,944,False,False,,,,,False,False,,,,,False,False,,,,,False,False,,,,,False
17483,09:42.428,1276.0,754.0,-22.0,12.0,25.059928172283335,1,False,True,565,795,673,944,False,False,,,,,False,False,,,,,False,False,,,,,False,False,,,,,False
17498,09:42.927,182.0,58.0,-1094.0,-696.0,1296.631019218652,1,False,True,802,778,905,914,False,False,,,,,False,False,,,,,False,False,,,,,False,False,,,,,False
17513,09:43.427,182.0,58.0,0.0,0.0,0.0,2,False,True,1161,785,1258,930,False,False,,,,,False,False,,,,,False,False,,,,,False,True,370,530,596,826,False
17528,09:43.927,182.0,58.0,0.0,0.0,0.0,2,False,True,1108,779,1208,928,False,False,,,,,False,False,,,,,False,False,,,,,False,True,285,514,527,823,False
17543,09:44.426,182.0,58.0,0.0,0.0,0.0,2,False,True,927,754,1028,901,False,False,,,,,False,False,,,,,False,False,,,,,False,True,-2,469,277,811,False
17558,09:44.926,182.0,58.0,0.0,0.0,0.0,2,False,True,898,767,999,904,False,False,,,,,False,False,,,,,False,False,,,,,False,True,-37,503,236,829,False
17573,09:45.426,182.0,58.0,0.0,0.0,0.0,2,False,True,866,776,967,914,False,False,,,,,False,False,,,,,False,False,,,,,False,True,-113,512,158,858,False
17588,09:45.926,182.0,58.0,0.0,0.0,0.0,1,False,True,829,770,930,907,False,False,,,,,False,False,,,,,False,False,,,,,False,False,,,,,False
17603,09:46.425,182.0,58.0,0.0,0.0,0.0,1,False,True,812,787,915,924,False,False,,,,,False,False,,,,,False,False,,,,,False,False,,,,,False
17618,09:46.925,1448.0,814.0,1266.0,756.0,1474.5480663579606,1,False,True,593,735,705,878,False,False,,,,,False,False,,,,,False,False,,,,,False,False,,,,,False
17633,09:47.425,1070.0,722.0,-378.0,-92.0,389.03470282225464,0,False,False,,,,,False,False,,,,,False,False,,,,,False,False,,,,,False,False,,,,,False
17648,09:47.924,1208.0,856.0,138.0,134.0,192.35384061671346,0,False,False,,,,,False,False,,,,,False,False,,,,,False,False,,,,,False,False,,,,,False
17663,09:48.424,1210.0,854.0,2.0,-2.0,2.8284271247461903,0,False,False,,,,,False,False,,,,,False,False,,,,,False,False,,,,,False,False,,,,,False
17678,09:48.924,1132.0,654.0,-78.0,-200.0,214.67184258770408,0,False,False,,,,,False,False,,,,,False,False,,,,,False,False,,,,,False,False,,,,,False
17693,09:49.423,1126.0,754.0,-6.0,100.0,100.17983829094554,0,False,False,,,,,False,False,,,,,False,False,,,,,False,False,,,,,False,False,,,,,False
17708,09:49.923,1144.0,786.0,18.0,32.0,36.71511950137164,0,False,False,,,,,False,False,,,,,False,False,,,,,False,False,,,,,False,False,,,,,False
17723,09:50.423,1244.0,822.0,100.0,36.0,106.28264204469137,0,False,False,,,,,False,False,,,,,False,False,,,,,False,False,,,,,False,False,,,,,False
17738,09:50.923,1242.0,834.0,-2.0,12.0,12.165525060596437,0,False,False,,,,,False,False,,,,,False,False,,,,,False,False,,,,,False,False,,,,,False
17753,09:51.422,182.0,58.0,-1060.0,-776.0,1313.6879385912014,0,False,False,,,,,False,False,,,,,False,False,,,,,False,False,,,,,False,False,,,,,False
17768,09:51.922,1196.0,634.0,1014.0,576.0,1166.1783740063095,0,False,False,,,,,False,False,,,,,False,False,,,,,False,False,,,,,False,False,,,,,False
17783,09:52.422,182.0,58.0,-1014.0,-576.0,1166.1783740063095,0,False,False,,,,,False,False,,,,,False,False,,,,,False,False,,,,,False,False,,,,,False
17798,09:52.921,1280.0,736.0,1098.0,678.0,1290.4603829641576,1,False,True,-55,701,88,870,False,False,,,,,False,False,,,,,False,False,,,,,False,False,,,,,False
17813,09:53.421,1244.0,634.0,-36.0,-102.0,108.16653826391969,1,False,True,-50,700,98,870,False,False,,,,,False,False,,,,,False,False,,,,,False,False,,,,,False
17828,09:53.921,1100.0,682.0,-144.0,48.0,151.7893276880822,0,False,False,,,,,False,False,,,,,False,False,,,,,False,False,,,,,False,False,,,,,False
17843,09:54.421,,,,,,1,False,False,,,,,False,True,1572,697,1786,962,False,False,,,,,False,False,,,,,False,False,,,,,False
17858,09:54.920,1782.0,838.0,,,,1,True,False,,,,,False,True,1689,729,1910,999,True,False,,,,,False,False,,,,,False,False,,,,,False
17873,09:55.420,182.0,68.0,-1600.0,-770.0,1775.6407294269864,2,False,True,876,812,975,950,False,False,,,,,False,False,,,,,False,False,,,,,False,True,-97,587,168,922,False
17888,09:55.920,182.0,68.0,0.0,0.0,0.0,2,False,True,892,777,982,910,False,False,,,,,False,False,,,,,False,False,,,,,False,True,-108,547,150,884,False
17903,09:56.419,182.0,68.0,0.0,0.0,0.0,1,False,True,597,760,686,901,False,False,,,,,False,False,,,,,False,False,,,,,False,False,,,,,False
17918,09:56.919,182.0,68.0,0.0,0.0,0.0,1,False,True,259,665,360,817,False,False,,,,,False,False,,,,,False,False,,,,,False,False,,,,,False
17933,09:57.419,,,,,,1,False,True,201,599,309,752,False,False,,,,,False,False,,,,,False,False,,,,,False,False,,,,,False
17948,09:57.919,1184.0,1110.0,,,,1,False,True,181,579,291,732,False,False,,,,,False,False,,,,,False,False,,,,,False,False,,,,,False
17963,09:58.418,848.0,1234.0,-336.0,124.0,358.15080622553404,1,False,True,216,562,331,716,False,False,,,,,False,False,,,,,False,False,,,,,False,False,,,,,False
17978,09:58.918,1398.0,974.0,550.0,-260.0,608.3584469702051,1,False,True,191,565,305,721,False,False,,,,,False,False,,,,,False,False,,,,,False,False,,,,,False
17993,09:59.418,1530.0,562.0,132.0,-412.0,432.62917146211953,1,False,True,165,606,276,761,False,False,,,,,False,False,,,,,False,False,,,,,False,False,,,,,False
18008,09:59.917,1178.0,700.0,-352.0,138.0,378.0846466070792,1,False,True,160,626,276,783,False,False,,,,,False,False,,,,,False,False,,,,,False,False,,,,,False
18023,10:00.417,1478.0,584.0,300.0,-116.0,321.64576788759405,1,False,True,62,632,198,797,False,False,,,,,False,False,,,,,False,False,,,,,False,False,,,,,False
18038,10:00.917,1262.0,926.0,-216.0,342.0,404.49969097639615,1,False,True,36,638,183,803,False,False,,,,,False,False,,,,,False,False,,,,,False,False,,,,,False
18053,10:01.416,,,,,,1,False,True,27,641,182,808,False,False,,,,,False,False,,,,,False,False,,,,,False,False,,,,,False
18068,10:01.916,1050.0,668.0,,,,1,False,True,19,646,180,813,False,False,,,,,False,False,,,,,False,False,,,,,False,False,,,,,False
18083,10:02.416,,,,,,1,False,True,27,652,189,818,False,False,,,,,False,False,,,,,False,False,,,,,False,False,,,,,False
18098,10:02.916,,,,,,1,False,True,17,672,177,840,False,False,,,,,False,False,,,,,False,False,,,,,False,False,,,,,False
18113,10:03.415,,,,,,1,False,True,29,680,183,851,False,False,,,,,False,False,,,,,False,False,,,,,False,False,,,,,False
18128,10:03.915,1474.0,654.0,,,,1,False,True,38,697,190,864,False,False,,,,,False,False,,,,,False,False,,,,,False,False,,,,,False
18143,10:04.415,1458.0,670.0,-16.0,16.0,22.627416997969522,1,False,True,15,707,166,878,False,False,,,,,False,False,,,,,False,False,,,,,False,False,,,,,False
18158,10:04.914,,,,,,1,False,True,-12,738,130,907,False,False,,,,,False,False,,,,,False,False,,,,,False,False,,,,,False
18173,10:05.414,1420.0,714.0,,,,1,False,True,-14,764,121,931,False,False,,,,,False,False,,,,,False,False,,,,,False,False,,,,,False
18188,10:05.914,1394.0,782.0,-26.0,68.0,72.80109889280519,1,False,True,-41,830,94,1000,False,False,,,,,False,False,,,,,False,False,,,,,False,False,,,,,False
18203,10:06.414,1394.0,1022.0,0.0,240.0,240.0,0,False,False,,,,,False,False,,,,,False,False,,,,,False,False,,,,,False,False,,,,,False
18218,10:06.913,1264.0,678.0,-130.0,-344.0,367.74447650508637,0,False,False,,,,,False,False,,,,,False,False,,,,,False,False,,,,,False,False,,,,,False
18233,10:07.413,1234.0,482.0,-30.0,-196.0,198.28262657126567,0,False,False,,,,,False,False,,,,,False,False,,,,,False,False,,,,,False,False,,,,,False
18248,10:07.913,182.0,58.0,-1052.0,-424.0,1134.2310170331261,0,False,False,,,,,False,False,,,,,False,False,,,,,False,False,,,,,False,False,,,,,False
18263,10:08.412,1318.0,874.0,1136.0,816.0,1398.6965360649178,0,False,False,,,,,False,False,,,,,False,False,,,,,False,False,,,,,False,False,,,,,False
18278,10:08.912,1406.0,920.0,88.0,46.0,99.29753269845128,0,False,False,,,,,False,False,,,,,False,False,,,,,False,False,,,,,False,False,,,,,False
18293,10:09.412,1406.0,1000.0,0.0,80.0,80.0,0,False,False,,,,,False,False,,,,,False,False,,,,,False,False,,,,,False,False,,,,,False
18308,10:09.912,1254.0,986.0,-152.0,-14.0,152.64337522473747,0,False,False,,,,,False,False,,,,,False,False,,,,,False,False,,,,,False,False,,,,,False
18323,10:10.411,1216.0,1060.0,-38.0,74.0,83.18653737234168,0,False,False,,,,,False,False,,,,,False,False,,,,,False,False,,,,,False,False,,,,,False
18338,10:10.911,1222.0,654.0,6.0,-406.0,406.0443325549564,0,False,False,,,,,False,False,,,,,False,False,,,,,False,False,,,,,False,False,,,,,False
18353,10:11.411,,,,,,0,False,False,,,,,False,False,,,,,False,False,,,,,False,False,,,,,False,False,,,,,False
18368,10:11.910,,,,,,0,False,False,,,,,False,False,,,,,False,False,,,,,False,False,,,,,False,False,,,,,False
18383,10:12.410,1424.0,618.0,,,,0,False,False,,,,,False,False,,,,,False,False,,,,,False,False,,,,,False,False,,,,,False
18398,10:12.910,1246.0,1088.0,-178.0,470.0,502.57735722971046,0,False,False,,,,,False,False,,,,,False,False,,,,,False,False,,,,,False,False,,,,,False
18413,10:13.410,1254.0,980.0,8.0,-108.0,108.29589096544707,0,False,False,,,,,False,False,,,,,False,False,,,,,False,False,,,,,False,False,,,,,False
18428,10:13.909,1190.0,1048.0,-64.0,68.0,93.38094023943,0,False,False,,,,,False,False,,,,,False,False,,,,,False,False,,,,,False,False,,,,,False
18443,10:14.409,1252.0,976.0,62.0,-72.0,95.01578816175763,0,False,False,,,,,False,False,,,,,False,False,,,,,False,False,,,,,False,False,,,,,False
18458,10:14.909,966.0,968.0,-286.0,-8.0,286.1118662341707,1,False,True,-10,959,155,1148,False,False,,,,,False,False,,,,,False,False,,,,,False,False,,,,,False
18473,10:15.408,,,,,,2,False,True,835,819,944,968,False,False,,,,,False,False,,,,,False,False,,,,,False,True,-106,481,147,829,False
18488,10:15.908,,,,,,2,False,True,920,876,1031,1027,False,False,,,,,False,False,,,,,False,False,,,,,False,True,-84,524,200,882,False
18503,10:16.408,,,,,,2,False,True,1003,585,1110,740,False,False,,,,,False,False,,,,,False,False,,,,,False,True,22,320,307,654,False
18518,10:16.907,952.0,748.0,,,,2,True,True,896,658,1002,806,True,False,,,,,False,False,,,,,False,False,,,,,False,True,38,379,252,699,False
18533,10:17.407,182.0,68.0,-770.0,-680.0,1027.2779565434078,2,False,True,845,732,953,878,False,False,,,,,False,False,,,,,False,False,,,,,False,True,43,484,223,780,False
18548,10:17.907,182.0,68.0,0.0,0.0,0.0,1,False,True,591,634,710,788,False,False,,,,,False,False,,,,,False,False,,,,,False,False,,,,,False
18563,10:18.407,182.0,68.0,0.0,0.0,0.0,1,False,True,245,673,385,836,False,False,,,,,False,False,,,,,False,False,,,,,False,False,,,,,False
18578,10:18.906,182.0,68.0,0.0,0.0,0.0,0,False,False,,,,,False,False,,,,,False,False,,,,,False,False,,,,,False,False,,,,,False
18593,10:19.406,1568.0,740.0,1386.0,672.0,1540.3181489549488,0,False,False,,,,,False,False,,,,,False,False,,,,,False,False,,,,,False,False,,,,,False
18608,10:19.906,1602.0,714.0,34.0,-26.0,42.80186911806539,1,False,False,,,,,False,True,1948,695,2153,982,False,False,,,,,False,False,,,,,False,False,,,,,False
18623,10:20.405,334.0,650.0,-1268.0,-64.0,1269.614114603331,1,False,False,,,,,False,True,1666,669,1840,922,False,False,,,,,False,False,,,,,False,False,,,,,False
18638,10:20.905,,,,,,1,False,False,,,,,False,True,1542,675,1710,916,False,False,,,,,False,False,,,,,False,False,,,,,False
18653,10:21.405,,,,,,1,False,False,,,,,False,True,1512,696,1677,940,False,False,,,,,False,False,,,,,False,False,,,,,False
18668,10:21.905,,,,,,1,False,False,,,,,False,True,1524,688,1688,934,False,False,,,,,False,False,,,,,False,False,,,,,False
18683,10:22.404,,,,,,1,False,False,,,,,False,True,1503,680,1666,929,False,False,,,,,False,False,,,,,False,False,,,,,False
18698,10:22.904,,,,,,1,False,False,,,,,False,True,1521,701,1682,949,False,False,,,,,False,False,,,,,False,False,,,,,False
18713,10:23.404,,,,,,1,False,False,,,,,False,True,1528,703,1694,958,False,False,,,,,False,False,,,,,False,False,,,,,False
18728,10:23.903,,,,,,1,False,False,,,,,False,True,1529,697,1696,941,False,False,,,,,False,False,,,,,False,False,,,,,False
18743,10:24.403,,,,,,1,False,False,,,,,False,True,1552,578,1754,837,False,False,,,,,False,False,,,,,False,False,,,,,False
18758,10:24.903,,,,,,1,False,False,,,,,False,True,1560,575,1785,846,False,False,,,,,False,False,,,,,False,False,,,,,False
18773,10:25.403,1642.0,734.0,,,,1,True,False,,,,,False,True,1548,613,1772,879,True,False,,,,,False,False,,,,,False,False,,,,,False
18788,10:25.902,,,,,,1,False,False,,,,,False,True,1498,643,1713,904,False,False,,,,,False,False,,,,,False,False,,,,,False
18803,10:26.402,,,,,,1,False,False,,,,,False,True,1470,636,1683,898,False,False,,,,,False,False,,,,,False,False,,,,,False
18818,10:26.902,,,,,,1,False,False,,,,,False,True,1461,648,1680,908,False,False,,,,,False,False,,,,,False,False,,,,,False
18833,10:27.401,,,,,,1,False,False,,,,,False,True,1465,637,1655,887,False,False,,,,,False,False,,,,,False,False,,,,,False
18848,10:27.901,,,,,,1,False,False,,,,,False,True,1468,603,1636,865,False,False,,,,,False,False,,,,,False,False,,,,,False
18863,10:28.401,,,,,,1,False,False,,,,,False,True,1470,605,1639,867,False,False,,,,,False,False,,,,,False,False,,,,,False
18878,10:28.900,,,,,,1,False,False,,,,,False,True,1474,610,1653,867,False,False,,,,,False,False,,,,,False,False,,,,,False
18893,10:29.400,,,,,,1,False,False,,,,,False,True,1473,615,1652,868,False,False,,,,,False,False,,,,,False,False,,,,,False
18908,10:29.900,,,,,,1,False,False,,,,,False,True,2188,541,2422,833,False,False,,,,,False,False,,,,,False,False,,,,,False
18923,10:30.400,1040.0,646.0,,,,2,True,True,986,613,1078,752,True,False,,,,,False,False,,,,,False,False,,,,,False,True,160,377,350,683,False
18938,10:30.899,1158.0,724.0,118.0,78.0,141.4496376806954,2,True,True,1116,661,1209,796,True,False,,,,,False,False,,,,,False,False,,,,,False,True,390,445,542,717,False
18953,10:31.399,,,,,,2,False,True,1097,711,1191,848,False,False,,,,,False,False,,,,,False,False,,,,,False,True,374,505,526,775,False
18968,10:31.899,,,,,,2,False,True,1086,736,1182,873,False,False,,,,,False,False,,,,,False,False,,,,,False,True,361,529,520,802,False
18983,10:32.398,,,,,,2,False,True,1093,714,1192,851,False,False,,,,,False,False,,,,,False,False,,,,,False,True,346,487,523,780,False
18998,10:32.898,1134.0,786.0,,,,2,True,True,1088,720,1186,858,True,False,,,,,False,False,,,,,False,False,,,,,False,True,340,504,518,790,False
19013,10:33.398,,,,,,2,False,True,1083,715,1186,869,False,False,,,,,False,False,,,,,False,False,,,,,False,True,346,497,517,783,False
19028,10:33.898,1114.0,774.0,,,,2,True,True,1083,717,1186,863,True,False,,,,,False,False,,,,,False,False,,,,,False,True,323,483,507,776,False
19043,10:34.397,,,,,,2,False,True,1091,762,1194,901,False,False,,,,,False,False,,,,,False,False,,,,,False,True,292,529,505,822,False
19058,10:34.897,,,,,,2,False,True,1124,753,1226,893,False,False,,,,,False,False,,,,,False,False,,,,,False,True,301,537,522,831,False
19073,10:35.397,,,,,,2,False,True,1122,748,1224,887,False,False,,,,,False,False,,,,,False,False,,,,,False,True,289,523,515,820,False
19088,10:35.896,,,,,,2,False,True,1112,766,1212,903,False,False,,,,,False,False,,,,,False,False,,,,,False,True,274,545,500,839,False
19103,10:36.396,1150.0,838.0,,,,2,True,True,1102,772,1204,909,True,False,,,,,False,False,,,,,False,False,,,,,False,True,245,549,482,844,False
19118,10:36.896,,,,,,2,False,True,1101,746,1200,885,False,False,,,,,False,False,,,,,False,False,,,,,False,True,230,530,471,826,False
19133,10:37.396,,,,,,2,False,True,1107,739,1207,876,False,False,,,,,False,False,,,,,False,False,,,,,False,True,220,517,466,822,False
19148,10:37.895,1184.0,806.0,,,,2,True,True,1115,739,1216,876,True,False,,,,,False,False,,,,,False,False,,,,,False,True,204,519,458,833,False
19163,10:38.395,,,,,,2,False,True,1118,719,1220,856,False,False,,,,,False,False,,,,,False,False,,,,,False,True,207,501,465,821,False
19178,10:38.895,1182.0,782.0,,,,2,True,True,1116,714,1217,854,True,False,,,,,False,False,,,,,False,False,,,,,False,True,199,492,459,818,False
19193,10:39.394,,,,,,2,False,True,1120,719,1221,857,False,False,,,,,False,False,,,,,False,False,,,,,False,True,181,487,443,815,False
19208,10:39.894,,,,,,2,False,True,1196,730,1289,865,False,False,,,,,False,False,,,,,False,False,,,,,False,True,256,496,509,821,False
19223,10:40.394,,,,,,1,False,True,428,620,549,772,False,False,,,,,False,False,,,,,False,False,,,,,False,False,,,,,False
19238,10:40.894,182.0,68.0,,,,1,False,False,,,,,False,True,1361,636,1527,873,False,False,,,,,False,False,,,,,False,False,,,,,False
19253,10:41.393,1438.0,980.0,1256.0,912.0,1552.1855559178484,1,False,False,,,,,False,True,1402,575,1558,810,False,False,,,,,False,False,,,,,False,False,,,,,False
19268,10:41.893,,,,,,1,False,False,,,,,False,True,1413,566,1573,812,False,False,,,,,False,False,,,,,False,False,,,,,False
19283,10:42.393,,,,,,1,False,False,,,,,False,True,1446,491,1605,740,False,False,,,,,False,False,,,,,False,False,,,,,False
19298,10:42.892,,,,,,1,False,False,,,,,False,True,1489,525,1653,770,False,False,,,,,False,False,,,,,False,False,,,,,False
19313,10:43.392,,,,,,0,False,False,,,,,False,False,,,,,False,False,,,,,False,False,,,,,False,False,,,,,False
19328,10:43.892,1610.0,626.0,,,,0,False,False,,,,,False,False,,,,,False,False,,,,,False,False,,,,,False,False,,,,,False
19343,10:44.391,1640.0,472.0,30.0,-154.0,156.89486925964152,0,False,False,,,,,False,False,,,,,False,False,,,,,False,False,,,,,False,False,,,,,False
19358,10:44.891,1630.0,538.0,-10.0,66.0,66.75327707311455,0,False,False,,,,,False,False,,,,,False,False,,,,,False,False,,,,,False,False,,,,,False
19373,10:45.391,1090.0,616.0,-540.0,78.0,545.6042521828435,1,False,True,655,497,760,641,False,False,,,,,False,False,,,,,False,False,,,,,False,False,,,,,False
19388,10:45.891,,,,,,2,False,True,1050,527,1151,664,False,False,,,,,False,False,,,,,False,False,,,,,False,True,173,359,426,671,False
19403,10:46.390,1218.0,776.0,,,,2,False,True,1161,497,1261,637,False,False,,,,,False,False,,,,,False,False,,,,,False,True,329,323,553,628,False
19418,10:46.890,,,,,,2,False,True,1155,459,1254,597,False,False,,,,,False,False,,,,,False,False,,,,,False,True,250,266,402,551,False
19433,10:47.390,1318.0,560.0,,,,2,True,True,1246,492,1343,633,True,False,,,,,False,False,,,,,False,False,,,,,False,True,369,313,522,577,False
19448,10:47.889,790.0,586.0,-528.0,26.0,528.6397639224655,2,True,True,1454,595,1561,727,False,False,,,,,False,False,,,,,False,True,676,405,873,674,True,False,,,,,False
19463,10:48.389,1158.0,956.0,368.0,370.0,521.8467207906936,2,False,True,1371,314,1476,464,False,False,,,,,False,False,,,,,False,False,,,,,False,True,539,141,756,390,False
19478,10:48.889,,,,,,2,False,True,1151,354,1255,502,False,False,,,,,False,False,,,,,False,False,,,,,False,True,243,163,495,443,False
